20
10 0 0 0 0 0 0 0 0 0 0 0 0 0 0 0 0 0 0 0
0 11 0 0 0 0 0 0 0 0 0 0 0 0 0 0 0 0 0 0
0 0 21 0 0 0 0 0 0 0 0 0 0 0 0 0 0 0 0 0
0 0 0 31 0 0 0 0 0 0 0 0 0 0 0 0 0 0 0 0
0 0 0 0 41 0 0 0 0 0 0 0 0 0 0 0 0 0 0 0
0 0 0 0 0 51 0 0 0 0 0 0 0 0 0 0 0 0 0 0
0 0 0 0 0 0 61 0 0 0 0 0 0 0 0 0 0 0 0 0
0 0 0 0 0 0 0 71 0 0 0 0 0 0 0 0 0 0 0 0
0 0 0 0 0 0 0 0 81 0 0 0 0 0 0 0 0 0 0 0
0 0 0 0 0 0 0 0 0 91 0 0 0 0 0 0 0 0 0 0
0 0 0 0 0 0 0 0 0 0 100 0 0 0 0 0 0 0 0 0
0 0 0 0 0 0 0 0 0 0 0 11 0 0 0 0 0 0 0 0
0 0 0 0 0 0 0 0 0 0 0 0 12 0 0 0 0 0 0 0
0 0 0 0 0 0 0 0 0 0 0 0 0 13 0 0 0 0 0 0
0 0 0 0 0 0 0 0 0 0 0 0 0 0 14 0 0 0 0 0
0 0 0 0 0 0 0 0 0 0 0 0 0 0 0 15 0 0 0 0
0 0 0 0 0 0 0 0 0 0 0 0 0 0 0 0 16 0 0 0
0 0 0 0 0 0 0 0 0 0 0 0 0 0 0 0 0 17 0 0
0 0 0 0 0 0 0 0 0 0 0 0 0 0 0 0 0 0 18 0
0 0 0 0 0 0 0 0 0 0 0 0 0 0 0 0 0 0 0 19
